Date,Total_cases,New_cases,New_cases_7davg
1/27/2020,1,1,
1/28/2020,2,1,
1/29/2020,3,1,
1/30/2020,4,1,
1/31/2020,6,2,
2/1/2020,6,0,
2/2/2020,6,0,0.857142857
2/3/2020,6,0,0.714285714
2/4/2020,6,0,0.571428571
2/5/2020,6,0,0.428571429
2/6/2020,6,0,0.285714286
2/7/2020,6,0,0
2/8/2020,6,0,0
2/9/2020,6,0,0
2/10/2020,6,0,0
2/11/2020,6,0,0
2/12/2020,6,0,0
2/13/2020,6,0,0
2/14/2020,6,0,0
2/15/2020,6,0,0
2/16/2020,6,0,0
2/17/2020,7,1,0.142857143
2/18/2020,7,0,0.142857143
2/19/2020,7,0,0.142857143
2/20/2020,8,1,0.285714286
2/21/2020,8,0,0.285714286
2/22/2020,8,0,0.285714286
2/23/2020,8,0,0.285714286
2/24/2020,8,0,0.142857143
2/25/2020,8,0,0.142857143
2/26/2020,10,2,0.428571429
2/27/2020,10,0,0.285714286
2/28/2020,12,2,0.571428571
2/29/2020,16,4,1.142857143
3/1/2020,16,0,1.142857143
3/2/2020,21,5,1.857142857
3/3/2020,23,2,2.142857143
3/4/2020,28,5,2.571428571
3/5/2020,35,7,3.571428571
3/6/2020,45,10,4.714285714
3/7/2020,53,8,5.285714286
3/8/2020,57,4,5.857142857
3/9/2020,74,17,7.571428571
3/10/2020,89,15,9.428571429
3/11/2020,115,26,12.42857143
3/12/2020,138,23,14.71428571
3/13/2020,186,48,20.14285714
3/14/2020,229,43,25.14285714
3/15/2020,261,32,29.14285714
3/16/2020,298,37,32
3/17/2020,349,51,37.14285714
3/18/2020,391,42,39.42857143
3/19/2020,434,43,42.28571429
3/20/2020,497,63,44.42857143
3/21/2020,533,36,43.42857143
3/22/2020,575,42,44.85714286
3/23/2020,653,78,50.71428571
3/24/2020,723,70,53.42857143
3/25/2020,802,79,58.71428571
3/26/2020,875,73,63
3/27/2020,941,66,63.42857143
3/28/2020,981,40,64
3/29/2020,1006,25,61.57142857
3/30/2020,1080,74,61
3/31/2020,1132,52,58.42857143
4/1/2020,1182,50,54.28571429
4/2/2020,1234,52,51.28571429
4/3/2020,1277,43,48
4/4/2020,1309,32,46.85714286
4/5/2020,1351,42,49.28571429
4/6/2020,1404,53,46.28571429
4/7/2020,1445,41,44.71428571
4/8/2020,1515,70,47.57142857
4/9/2020,1583,68,49.85714286
4/10/2020,1664,81,55.28571429
4/11/2020,1705,41,56.57142857
4/12/2020,1729,24,54
4/13/2020,1769,40,52.14285714
4/14/2020,1813,44,52.57142857
4/15/2020,1844,31,47
4/16/2020,1870,26,41
4/17/2020,1910,40,35.14285714
4/18/2020,1925,15,31.42857143
4/19/2020,1939,14,30
4/20/2020,1964,25,27.85714286
4/21/2020,1990,26,25.28571429
4/22/2020,2039,49,27.85714286
4/23/2020,2059,20,27
4/24/2020,2088,29,25.42857143
4/25/2020,2102,14,25.28571429
4/26/2020,2113,11,24.85714286
4/27/2020,2137,24,24.71428571
4/28/2020,2158,21,24
4/29/2020,2186,28,21
4/30/2020,2197,11,19.71428571
5/1/2020,2219,22,18.71428571
5/2/2020,2231,12,18.42857143
5/3/2020,2239,8,18
5/4/2020,2258,19,17.28571429
5/5/2020,2271,13,16.14285714
5/6/2020,2298,27,16
5/7/2020,2311,13,16.28571429
5/8/2020,2335,24,16.57142857
5/9/2020,2346,11,16.42857143
5/10/2020,2349,3,15.71428571
5/11/2020,2369,20,15.85714286
5/12/2020,2384,15,16.14285714
5/13/2020,2404,20,15.14285714
5/14/2020,2428,24,16.71428571
5/15/2020,2443,15,15.42857143
5/16/2020,2458,15,16
5/17/2020,2465,7,16.57142857
5/18/2020,2504,39,19.28571429
5/19/2020,2548,44,23.42857143
5/20/2020,2584,36,25.71428571
5/21/2020,2605,21,25.28571429
5/22/2020,2631,26,26.85714286
5/23/2020,2648,17,27.14285714
5/24/2020,2650,2,26.42857143
5/25/2020,2657,7,21.85714286
5/26/2020,2687,30,19.85714286
5/27/2020,2726,39,20.28571429
5/28/2020,2749,23,20.57142857
5/29/2020,2793,44,23.14285714
5/30/2020,2809,16,23
5/31/2020,2819,10,24.14285714
6/1/2020,2853,34,28
6/2/2020,2878,25,27.28571429
6/3/2020,2919,41,27.57142857
6/4/2020,2955,36,29.42857143
6/5/2020,2992,37,28.42857143
6/6/2020,3005,13,28
6/7/2020,3023,18,29.14285714
6/8/2020,3062,39,29.85714286
6/9/2020,3108,46,32.85714286
6/10/2020,3171,63,36
6/11/2020,3221,50,38
6/12/2020,3279,58,41
6/13/2020,3300,21,42.14285714
6/14/2020,3313,13,41.42857143
6/15/2020,3375,62,44.71428571
6/16/2020,3469,94,51.57142857
6/17/2020,3560,91,55.57142857
6/18/2020,3662,102,63
6/19/2020,3773,111,70.57142857
6/20/2020,3823,50,74.71428571
6/21/2020,3860,37,78.14285714
6/22/2020,3964,104,84.14285714
6/23/2020,4153,189,97.71428571
6/24/2020,4299,146,105.5714286
6/25/2020,4432,133,110
6/26/2020,4569,137,113.7142857
6/27/2020,4680,111,122.4285714
6/28/2020,4740,60,125.7142857
6/29/2020,4884,144,131.4285714
6/30/2020,5073,189,131.4285714
7/1/2020,5258,185,137
7/2/2020,5442,184,144.2857143
7/3/2020,5520,78,135.8571429
7/4/2020,5564,44,126.2857143
7/5/2020,5659,95,131.2857143
7/6/2020,5912,253,146.8571429
7/7/2020,6202,290,161.2857143
7/8/2020,6485,283,175.2857143
7/9/2020,6767,282,189.2857143
7/10/2020,7015,248,213.5714286
7/11/2020,7196,181,233.1428571
7/12/2020,7315,119,236.5714286
7/13/2020,7521,206,229.8571429
7/14/2020,7874,353,238.8571429
7/15/2020,8255,381,252.8571429
7/16/2020,8594,339,261
7/17/2020,8889,295,267.7142857
7/18/2020,9061,172,266.4285714
7/19/2020,9149,88,262
7/20/2020,9367,218,263.7142857
7/21/2020,9679,312,257.8571429
7/22/2020,9978,299,246.1428571
7/23/2020,10259,281,237.8571429
7/24/2020,10505,246,230.8571429
7/25/2020,10631,126,224.2857143
7/26/2020,10717,86,224
7/27/2020,10893,176,218
7/28/2020,11191,298,216
7/29/2020,11462,271,212
7/30/2020,11702,240,206.1428571
7/31/2020,11961,259,208
8/1/2020,12134,173,214.7142857
8/2/2020,12218,84,214.4285714
8/3/2020,12388,170,213.5714286
8/4/2020,12690,302,214.1428571
8/5/2020,13023,333,223
8/6/2020,13269,246,223.8571429
8/7/2020,13527,258,223.7142857
8/8/2020,13733,206,228.4285714
8/9/2020,13841,108,231.8571429
8/10/2020,14062,221,239.1428571
8/11/2020,14391,329,243
8/12/2020,14675,284,236
8/13/2020,14917,242,235.4285714
8/14/2020,15170,253,234.7142857
8/15/2020,15326,156,227.5714286
8/16/2020,15397,71,222.2857143
8/17/2020,15582,185,217.1428571
8/18/2020,15850,268,208.4285714
8/19/2020,16022,172,192.4285714
8/20/2020,16184,162,181
8/21/2020,16350,166,168.5714286
8/22/2020,16487,137,165.8571429
8/23/2020,16547,60,164.2857143
8/24/2020,16701,154,159.8571429
8/25/2020,16988,287,162.5714286
8/26/2020,17216,228,170.5714286
8/27/2020,17414,198,175.7142857
8/28/2020,17604,190,179.1428571
8/29/2020,17745,141,179.7142857
8/30/2020,17801,56,179.1428571
8/31/2020,17949,148,178.2857143
9/1/2020,18183,234,170.7142857
9/2/2020,18414,231,171.1428571
9/3/2020,18582,168,166.8571429
9/4/2020,18759,177,165
9/5/2020,18849,90,157.7142857
9/6/2020,18894,45,156.1428571
9/7/2020,18935,41,140.8571429
9/8/2020,19127,192,134.8571429
9/9/2020,19334,207,131.4285714
9/10/2020,19478,144,128
9/11/2020,19610,132,121.5714286
9/12/2020,19693,83,120.5714286
9/13/2020,19726,33,118.8571429
9/14/2020,19851,125,130.8571429
9/15/2020,20077,226,135.7142857
9/16/2020,20227,150,127.5714286
9/17/2020,20403,176,132.1428571
9/18/2020,20535,132,132.1428571
9/19/2020,20606,71,130.4285714
9/20/2020,20648,42,131.7142857
9/21/2020,20770,122,131.2857143
9/22/2020,20915,145,119.7142857
9/23/2020,21053,138,118
9/24/2020,21171,118,109.7142857
9/25/2020,21274,103,105.5714286
9/26/2020,21327,53,103
9/27/2020,21367,40,102.7142857
9/28/2020,21464,97,99.14285714
9/29/2020,21610,146,99.28571429
9/30/2020,21728,118,96.42857143
10/1/2020,21848,120,96.71428571
10/2/2020,21969,121,99.28571429
10/3/2020,22035,66,101.1428571
10/4/2020,22078,43,101.5714286
10/5/2020,22163,85,99.85714286
10/6/2020,22312,149,100.2857143
10/7/2020,22442,130,102
10/8/2020,22569,127,103
10/9/2020,22681,112,101.7142857
10/10/2020,22768,87,104.7142857
10/11/2020,22812,44,104.8571429
10/12/2020,22946,134,111.8571429
10/13/2020,23096,150,112
10/14/2020,23239,143,113.8571429
10/15/2020,23399,160,118.5714286
10/16/2020,23510,111,118.4285714
10/17/2020,23576,66,115.4285714
10/18/2020,23616,40,114.8571429
10/19/2020,23756,140,115.7142857
10/20/2020,23953,197,122.4285714
10/21/2020,24101,148,123.1428571
10/22/2020,24233,132,119.1428571
10/23/2020,24378,145,124
10/24/2020,24447,69,124.4285714
10/25/2020,24503,56,126.7142857
10/26/2020,24661,158,129.2857143
10/27/2020,24863,202,130
10/28/2020,25032,169,133
10/29/2020,25175,143,134.5714286
10/30/2020,25323,148,135
10/31/2020,25421,98,139.1428571
11/1/2020,25477,56,139.1428571
11/2/2020,25697,220,148
11/3/2020,25978,281,159.2857143
11/4/2020,26277,299,177.8571429
11/5/2020,26543,266,195.4285714
11/6/2020,26801,258,211.1428571
11/7/2020,27012,211,227.2857143
11/8/2020,27098,86,231.5714286
11/9/2020,27395,297,242.5714286
11/10/2020,27822,427,263.4285714
11/11/2020,28167,345,270
11/12/2020,28612,445,295.5714286
11/13/2020,28993,381,313.1428571
11/14/2020,29260,267,321.1428571
11/15/2020,29377,117,325.5714286
11/16/2020,29694,317,328.4285714
11/17/2020,30259,565,348.1428571
11/18/2020,30834,575,381
11/19/2020,31347,513,390.7142857
11/20/2020,31899,552,415.1428571
11/21/2020,32240,341,425.7142857
11/22/2020,32514,274,448.1428571
11/23/2020,33145,631,493
11/24/2020,33834,689,510.7142857
11/25/2020,34676,842,548.8571429
11/26/2020,34828,152,497.2857143
11/27/2020,35357,529,494
11/28/2020,35917,560,525.2857143
11/29/2020,36429,512,559.2857143
11/30/2020,37372,943,603.8571429
12/1/2020,38670,1298,690.8571429
12/2/2020,40021,1351,763.5714286
12/3/2020,41249,1228,917.2857143
12/4/2020,42474,1225,1016.714286
12/5/2020,43290,816,1053.285714
12/6/2020,43783,493,1050.571429
12/7/2020,45065,1282,1099
12/8/2020,46617,1552,1135.285714
12/9/2020,48156,1539,1162.142857
12/10/2020,49488,1332,1177
12/11/2020,50602,1114,1161.142857
12/12/2020,51422,820,1161.714286
12/13/2020,52188,766,1200.714286
12/14/2020,53435,1247,1195.714286
12/15/2020,55270,1835,1236.142857
12/16/2020,56910,1640,1250.571429
12/17/2020,58406,1496,1274
12/18/2020,59592,1186,1284.285714
12/19/2020,60340,748,1274
12/20/2020,60941,601,1250.428571
12/21/2020,62469,1528,1290.571429
12/22/2020,63907,1438,1233.857143
12/23/2020,65340,1433,1204.285714
12/24/2020,66082,742,1096.571429
12/25/2020,66291,209,957
12/26/2020,67281,990,991.5714286
12/27/2020,68086,805,1020.714286
